[0.7, 0.7275, 0.735, 0.745, 0.735, 0.7225, 0.7175, 0.735, 0.705, 0.7475, 0.74, 0.72, 0.7075, 0.7025, 0.7425, 0.7125, 0.7275, 0.74, 0.705, 0.7225]
0.7245
[0.775, 0.7625, 0.765, 0.7825, 0.8025, 0.7925, 0.7625, 0.7875, 0.76, 0.775, 0.7825, 0.7775, 0.7675, 0.785, 0.79, 0.7925, 0.795, 0.79, 0.8125, 0.79]
0.782375
[0.815, 0.8025, 0.8025, 0.835, 0.8275, 0.82, 0.8, 0.81, 0.7975, 0.82, 0.7925, 0.81, 0.8125, 0.8125, 0.795, 0.8075, 0.7975, 0.785, 0.8125, 0.79]
0.80725
[0.8275, 0.8, 0.8175, 0.8175, 0.8225, 0.82, 0.82, 0.8125, 0.815, 0.835, 0.845, 0.82, 0.825, 0.8175, 0.825, 0.845, 0.8125, 0.815, 0.8175, 0.8]
0.8205
[0.8275, 0.8375, 0.835, 0.805, 0.83, 0.81, 0.8225, 0.82, 0.8325, 0.83, 0.83, 0.8375, 0.8475, 0.84, 0.795, 0.815, 0.8075, 0.815, 0.815, 0.83]
0.824125
[0.8275, 0.84, 0.8375, 0.835, 0.8275, 0.835, 0.8325, 0.83, 0.7975, 0.8275, 0.8175, 0.8375, 0.825, 0.8425, 0.8325, 0.825, 0.8375, 0.835, 0.8225, 0.8375]
0.830125
[0.8125, 0.8425, 0.8225, 0.8375, 0.8375, 0.845, 0.835, 0.845, 0.8475, 0.8275, 0.8425, 0.8325, 0.805, 0.825, 0.8325, 0.8325, 0.825, 0.8425, 0.84, 0.8175]
0.832375
[0.8225, 0.8325, 0.82, 0.83, 0.85, 0.84, 0.8325, 0.8375, 0.83, 0.8375, 0.8225, 0.81, 0.84, 0.84, 0.825, 0.8175, 0.835, 0.8425, 0.8275, 0.8375]
0.8315
[0.835, 0.835, 0.83, 0.8325, 0.8375, 0.8325, 0.8375, 0.8375, 0.8425, 0.8275, 0.84, 0.82, 0.83, 0.83, 0.8425, 0.86, 0.8375, 0.835, 0.8525, 0.8475]
0.837125
[0.825, 0.835, 0.8325, 0.8225, 0.8325, 0.8425, 0.84, 0.835, 0.82, 0.8275, 0.825, 0.82, 0.855, 0.8225, 0.84, 0.8175, 0.83, 0.8475, 0.8725, 0.8225]
0.83325
